                               SARIMAX Results                                
==============================================================================
Dep. Variable:                      y   No. Observations:                  108
Model:               SARIMAX(5, 1, 0)   Log Likelihood                -885.220
Date:                Sat, 01 May 2021   AIC                           1784.439
Time:                        00:50:20   BIC                           1803.149
Sample:                             0   HQIC                          1792.024
                                - 108                                         
Covariance Type:                  opg                                         
==============================================================================
                 coef    std err          z      P>|z|      [0.025      0.975]
------------------------------------------------------------------------------
intercept    117.1137     93.553      1.252      0.211     -66.247     300.474
ar.L1         -1.3664      0.086    -15.916      0.000      -1.535      -1.198
ar.L2         -1.6394      0.109    -14.972      0.000      -1.854      -1.425
ar.L3         -1.3417      0.126    -10.660      0.000      -1.588      -1.095
ar.L4         -0.7032      0.111     -6.337      0.000      -0.921      -0.486
ar.L5         -0.3411      0.073     -4.643      0.000      -0.485      -0.197
sigma2      6.654e+05   1.25e+05      5.331      0.000    4.21e+05     9.1e+05
===================================================================================
Ljung-Box (L1) (Q):                   3.42   Jarque-Bera (JB):                 9.09
Prob(Q):                              0.06   Prob(JB):                         0.01
Heteroskedasticity (H):               0.61   Skew:                             0.71
Prob(H) (two-sided):                  0.14   Kurtosis:                         2.99
===================================================================================

Warnings:
[1] Covariance matrix calculated using the outer product of gradients (complex-step).
-------------------------------------
gold, shape=(108,)
11249.16
10734.19
9164.03
9743.19
13421.09
9431.73
10468.24
11427.16
11219.43
9834.19
10497.16
10419.45
11349.16
10834.19
9264.03
9843.19
13521.09
9531.73
10568.24
11527.16
11319.43
9934.19
10597.16
10519.45
11502.16
10987.19
9417.03
9996.19
13674.09
9684.73
10721.24
11680.16
11472.43
10087.19
10750.16
10672.45
11678.16
11163.19
9593.03
10172.19
13850.09
9860.73
10897.24
11856.16
11648.43
10263.19
10926.16
10848.45
11964.16
11449.19
9879.03
10458.19
14136.09
10146.73
11183.24
12142.16
11934.43
10549.19
11212.16
11134.45
12205.16
11690.19
10120.03
10699.19
14377.09
10387.73
11424.24
12383.16
12175.43
10790.19
11453.16
11375.45
12388.16
11873.19
10303.03
10882.19
14560.09
10570.73
11607.24
12566.16
12358.43
10973.19
11636.16
11558.45
12552.16
12037.19
10467.03
11046.19
14724.09
10734.73
11771.24
12730.16
12522.43
11137.19
11800.16
11722.45
12831.16
12316.19
10746.03
11325.19
15003.09
11013.73
12050.24
13009.16
12801.43
11416.19
12079.16
12001.45

pred in sample, shape=(108,)
18.32
7458.72
6580.13
7526.64
10005.17
8122.44
9473.15
10902.92
11103.34
10208.54
11529.91
11230.17
11233.41
10478.8
10241.36
10951.96
11806.66
9814.98
9573.15
11002.92
11203.34
10308.54
11629.91
11330.17
11333.41
10559.38
10307.48
11033.86
11922.39
9949.9
9726.15
11155.92
11356.34
10461.54
11782.91
11483.17
11486.41
10703.96
10445.77
11179.0
12082.22
10118.06
9902.15
11331.92
11532.34
10637.54
11958.91
11659.17
11662.41
10839.66
10551.44
11317.42
12290.87
10366.54
10188.15
11617.92
11818.34
10923.54
12244.91
11945.17
11948.41
11142.14
10866.21
11618.79
12563.51
10622.89
10429.15
11858.92
12059.34
11164.54
12485.91
12186.17
12189.41
11404.39
11144.3
11879.61
12787.3
10825.67
10612.15
12041.92
12242.34
11347.54
12668.91
12369.17
12372.41
11594.35
11339.44
12069.1
12964.66
10996.15
10776.15
12205.92
12406.34
11511.54
12832.91
12533.17
12536.41
11716.22
11429.92
12193.81
13162.79
11235.92
11055.15
12484.92
12685.34
11790.54
13111.91
12812.17

pred for future(2021-2022), shape=(24,)
12815.41
12103.21
11969.63
12173.28
12640.78
12187.66
12221.13
12310.47
12460.37
12340.47
12386.83
12361.81
12462.09
12454.19
12459.56
12449.53
12520.16
12521.36
12533.42
12542.55
12579.56
12590.02
12611.03
12622.1
