                               SARIMAX Results                                
==============================================================================
Dep. Variable:                      y   No. Observations:                  108
Model:               SARIMAX(0, 1, 0)   Log Likelihood                -975.901
Date:                Sat, 01 May 2021   AIC                           1953.803
Time:                        00:50:12   BIC                           1956.475
Sample:                             0   HQIC                          1954.886
                                - 108                                         
Covariance Type:                  opg                                         
==============================================================================
                 coef    std err          z      P>|z|      [0.025      0.975]
------------------------------------------------------------------------------
sigma2      4.847e+06    5.9e+05      8.217      0.000    3.69e+06       6e+06
===================================================================================
Ljung-Box (L1) (Q):                   0.46   Jarque-Bera (JB):                18.65
Prob(Q):                              0.50   Prob(JB):                         0.00
Heteroskedasticity (H):               1.00   Skew:                            -0.99
Prob(H) (two-sided):                  1.00   Kurtosis:                         3.50
===================================================================================

Warnings:
[1] Covariance matrix calculated using the outer product of gradients (complex-step).
-------------------------------------
gold, shape=(108,)
48265.39
49361.82
51623.25
46259.31
45183.69
46395.21
49513.25
50369.21
51283.52
49381.26
50316.29
48173.26
48365.39
49461.82
51723.25
46359.31
45283.69
46495.21
49613.25
50469.21
51383.52
49481.26
50416.29
48273.26
48518.39
49614.82
51876.25
46512.31
45436.69
46648.21
49766.25
50622.21
51536.52
49634.26
50569.29
48426.26
48694.39
49790.82
52052.25
46688.31
45612.69
46824.21
49942.25
50798.21
51712.52
49810.26
50745.29
48602.26
48980.39
50076.82
52338.25
46974.31
45898.69
47110.21
50228.25
51084.21
51998.52
50096.26
51031.29
48888.26
49221.39
50317.82
52579.25
47215.31
46139.69
47351.21
50469.25
51325.21
52239.52
50337.26
51272.29
49129.26
49404.39
50500.82
52762.25
47398.31
46322.69
47534.21
50652.25
51508.21
52422.52
50520.26
51455.29
49312.26
49568.39
50664.82
52926.25
47562.31
46486.69
47698.21
50816.25
51672.21
52586.52
50684.26
51619.29
49476.26
49847.39
50943.82
53205.25
47841.31
46765.69
47977.21
51095.25
51951.21
52865.52
50963.26
51898.29
49755.26

pred in sample, shape=(108,)
0.0
48265.39
49361.82
51623.25
46259.31
45183.69
46395.21
49513.25
50369.21
51283.52
49381.26
50316.29
48173.26
48365.39
49461.82
51723.25
46359.31
45283.69
46495.21
49613.25
50469.21
51383.52
49481.26
50416.29
48273.26
48518.39
49614.82
51876.25
46512.31
45436.69
46648.21
49766.25
50622.21
51536.52
49634.26
50569.29
48426.26
48694.39
49790.82
52052.25
46688.31
45612.69
46824.21
49942.25
50798.21
51712.52
49810.26
50745.29
48602.26
48980.39
50076.82
52338.25
46974.31
45898.69
47110.21
50228.25
51084.21
51998.52
50096.26
51031.29
48888.26
49221.39
50317.82
52579.25
47215.31
46139.69
47351.21
50469.25
51325.21
52239.52
50337.26
51272.29
49129.26
49404.39
50500.82
52762.25
47398.31
46322.69
47534.21
50652.25
51508.21
52422.52
50520.26
51455.29
49312.26
49568.39
50664.82
52926.25
47562.31
46486.69
47698.21
50816.25
51672.21
52586.52
50684.26
51619.29
49476.26
49847.39
50943.82
53205.25
47841.31
46765.69
47977.21
51095.25
51951.21
52865.52
50963.26
51898.29

pred for future(2021-2022), shape=(24,)
49755.26
49755.26
49755.26
49755.26
49755.26
49755.26
49755.26
49755.26
49755.26
49755.26
49755.26
49755.26
49755.26
49755.26
49755.26
49755.26
49755.26
49755.26
49755.26
49755.26
49755.26
49755.26
49755.26
49755.26
