                               SARIMAX Results                                
==============================================================================
Dep. Variable:                      y   No. Observations:                  108
Model:               SARIMAX(3, 1, 2)   Log Likelihood                -942.320
Date:                Sat, 01 May 2021   AIC                           1896.640
Time:                        00:50:17   BIC                           1912.677
Sample:                             0   HQIC                          1903.142
                                - 108                                         
Covariance Type:                  opg                                         
==============================================================================
                 coef    std err          z      P>|z|      [0.025      0.975]
------------------------------------------------------------------------------
ar.L1          0.3765      0.125      3.014      0.003       0.132       0.621
ar.L2         -0.2826      0.049     -5.790      0.000      -0.378      -0.187
ar.L3         -0.1849      0.087     -2.130      0.033      -0.355      -0.015
ma.L1         -1.6189      0.119    -13.578      0.000      -1.853      -1.385
ma.L2          0.7543      0.116      6.530      0.000       0.528       0.981
sigma2      1.978e+06    2.5e+05      7.906      0.000    1.49e+06    2.47e+06
===================================================================================
Ljung-Box (L1) (Q):                   3.23   Jarque-Bera (JB):                25.57
Prob(Q):                              0.07   Prob(JB):                         0.00
Heteroskedasticity (H):               0.29   Skew:                             0.89
Prob(H) (two-sided):                  0.00   Kurtosis:                         4.59
===================================================================================

Warnings:
[1] Covariance matrix calculated using the outer product of gradients (complex-step).
-------------------------------------
gold, shape=(108,)
14294.38
16243.01
15173.52
16249.37
14509.59
18439.24
16490.19
13493.73
15490.43
16493.4
16431.09
18041.21
14394.38
16343.01
15273.52
16349.37
14609.59
18539.24
16590.19
13593.73
15590.43
16593.4
16531.09
18141.21
14547.38
16496.01
15426.52
16502.37
14762.59
18692.24
16743.19
13746.73
15743.43
16746.4
16684.09
18294.21
14723.38
16672.01
15602.52
16678.37
14938.59
18868.24
16919.19
13922.73
15919.43
16922.4
16860.09
18470.21
15009.38
16958.01
15888.52
16964.37
15224.59
19154.24
17205.19
14208.73
16205.43
17208.4
17146.09
18756.21
15250.38
17199.01
16129.52
17205.37
15465.59
19395.24
17446.19
14449.73
16446.43
17449.4
17387.09
18997.21
15433.38
17382.01
16312.52
17388.37
15648.59
19578.24
17629.19
14632.73
16629.43
17632.4
17570.09
19180.21
15597.38
17546.01
16476.52
17552.37
15812.59
19742.24
17793.19
14796.73
16793.43
17796.4
17734.09
19344.21
15876.38
17825.01
16755.52
17831.37
16091.59
20021.24
18072.19
15075.73
17072.43
18075.4
18013.09
19623.21

pred in sample, shape=(108,)
0.0
9042.22
11204.38
10260.37
10816.8
11480.45
12090.16
12452.76
13445.65
14925.03
15829.97
15945.08
15568.78
16008.94
16404.17
17061.9
17003.32
17182.55
16320.86
15652.56
15822.42
16374.19
16431.52
15859.04
14961.39
15140.93
15441.82
16184.28
16322.84
16766.99
16170.99
15746.39
16111.6
16790.05
16906.76
16335.61
15393.74
15498.24
15711.02
16370.48
16445.02
16848.41
16234.04
15811.02
16192.7
16896.29
17041.39
16497.25
15577.67
15671.27
15860.01
16499.56
16580.31
17008.8
16430.34
16046.55
16464.67
17197.63
17362.8
16829.02
15911.05
16010.37
16202.86
16839.77
16905.11
17310.63
16706.61
16298.77
16697.23
17416.5
17574.35
17039.03
16124.09
16243.54
16460.82
17117.01
17184.12
17578.0
16953.78
16522.02
16896.98
17596.26
17739.47
17195.53
16277.68
16403.51
16631.52
17298.41
17371.25
17766.3
17139.68
16703.15
17072.19
17765.49
17903.48
17355.6
16435.31
16532.28
16726.36
17371.31
17455.49
17885.47
17306.82
16921.61
17337.55
18068.08
18230.96
17695.29

pred for future(2021-2022), shape=(24,)
16775.99
16714.88
17198.72
17924.56
18072.38
17833.47
17567.56
17507.64
17604.39
17706.91
17729.24
17690.79
17651.05
17642.83
17658.07
17673.48
17676.49
17670.46
17664.48
17663.38
17665.77
17668.09
17668.49
17667.54
