                               SARIMAX Results                                
==============================================================================
Dep. Variable:                      y   No. Observations:                  108
Model:               SARIMAX(5, 1, 1)   Log Likelihood                -864.057
Date:                Sat, 01 May 2021   AIC                           1742.114
Time:                        00:50:40   BIC                           1760.823
Sample:                             0   HQIC                          1749.698
                                - 108                                         
Covariance Type:                  opg                                         
==============================================================================
                 coef    std err          z      P>|z|      [0.025      0.975]
------------------------------------------------------------------------------
ar.L1         -0.9999      0.368     -2.714      0.007      -1.722      -0.278
ar.L2         -0.7375      0.316     -2.332      0.020      -1.357      -0.118
ar.L3         -0.4592      0.304     -1.510      0.131      -1.055       0.137
ar.L4          0.0235      0.245      0.096      0.923      -0.457       0.504
ar.L5          0.3104      0.143      2.177      0.029       0.031       0.590
ma.L1          0.3213      0.391      0.823      0.411      -0.444       1.087
sigma2       5.66e+05   1.09e+05      5.206      0.000    3.53e+05    7.79e+05
===================================================================================
Ljung-Box (L1) (Q):                   0.00   Jarque-Bera (JB):                 1.40
Prob(Q):                              0.95   Prob(JB):                         0.50
Heteroskedasticity (H):               0.84   Skew:                            -0.24
Prob(H) (two-sided):                  0.61   Kurtosis:                         2.72
===================================================================================

Warnings:
[1] Covariance matrix calculated using the outer product of gradients (complex-step).
-------------------------------------
gold, shape=(108,)
8614.29
7534.09
7813.46
7794.16
9839.42
8419.29
8373.24
8043.19
9543.16
9843.53
7549.16
8391.53
8714.29
7634.09
7913.46
7894.16
9939.42
8519.29
8473.24
8143.19
9643.16
9943.53
7649.16
8491.53
8867.29
7787.09
8066.46
8047.16
10092.42
8672.29
8626.24
8296.19
9796.16
10096.53
7802.16
8644.53
9043.29
7963.09
8242.46
8223.16
10268.42
8848.29
8802.24
8472.19
9972.16
10272.53
7978.16
8820.53
9329.29
8249.09
8528.46
8509.16
10554.42
9134.29
9088.24
8758.19
10258.16
10558.53
8264.16
9106.53
9570.29
8490.09
8769.46
8750.16
10795.42
9375.29
9329.24
8999.19
10499.16
10799.53
8505.16
9347.53
9753.29
8673.09
8952.46
8933.16
10978.42
9558.29
9512.24
9182.19
10682.16
10982.53
8688.16
9530.53
9917.29
8837.09
9116.46
9097.16
11142.42
9722.29
9676.24
9346.19
10846.16
11146.53
8852.16
9694.53
10196.29
9116.09
9395.46
9376.16
11421.42
10001.29
9955.24
9625.19
11125.16
11425.53
9131.16
9973.53

pred in sample, shape=(108,)
0.0
6887.36
6312.23
6527.75
7823.98
9352.88
7736.07
8816.73
8853.07
9130.91
8375.69
8645.44
8954.65
9219.18
7619.27
7684.83
8539.71
8304.79
8180.09
8807.93
8987.81
9219.76
8479.28
8744.29
9055.02
9336.1
7744.77
7822.33
8698.94
8472.23
8328.45
8962.42
9140.33
9372.92
8632.23
8897.31
9208.01
9496.49
7908.83
7991.61
8877.64
8654.5
8502.43
9139.07
9316.12
9548.99
8808.21
9073.31
9384.01
9707.85
8137.69
8245.46
9176.56
8970.49
8778.8
9428.17
9601.13
9835.31
9094.1
9359.35
9670.0
9979.39
8402.06
8499.61
9412.28
9199.22
9023.74
9667.9
9842.54
10076.17
9335.15
9600.33
9911.0
10201.75
8615.19
8699.56
9588.46
9366.41
9211.82
9849.27
10026.06
10259.01
9518.2
9783.32
10094.01
10378.64
8789.06
8869.11
9750.23
9525.23
9377.49
10012.73
10190.23
10422.95
9682.22
9947.31
10258.01
10579.6
9008.33
9114.5
10042.74
9835.58
9646.41
10294.97
10468.19
10702.29
9961.11
10226.34

pred for future(2021-2022), shape=(24,)
10537.0
10878.44
9773.9
9675.58
10706.38
10438.25
10071.28
9817.54
10458.76
10486.82
10010.53
10051.8
10285.25
10439.75
10091.65
10071.74
10295.72
10322.37
10179.44
10091.36
10271.7
10292.1
10184.05
10147.81
