                               SARIMAX Results                                
==============================================================================
Dep. Variable:                      y   No. Observations:                  108
Model:               SARIMAX(4, 1, 3)   Log Likelihood                -834.981
Date:                Sat, 01 May 2021   AIC                           1685.961
Time:                        00:50:39   BIC                           1707.344
Sample:                             0   HQIC                          1694.630
                                - 108                                         
Covariance Type:                  opg                                         
==============================================================================
                 coef    std err          z      P>|z|      [0.025      0.975]
------------------------------------------------------------------------------
ar.L1         -0.1734      0.157     -1.106      0.269      -0.481       0.134
ar.L2         -0.4647      0.118     -3.947      0.000      -0.695      -0.234
ar.L3         -0.5032      0.126     -3.989      0.000      -0.750      -0.256
ar.L4         -0.6077      0.113     -5.385      0.000      -0.829      -0.387
ma.L1         -0.2127      0.169     -1.261      0.207      -0.543       0.118
ma.L2         -0.0560      0.161     -0.348      0.728      -0.371       0.259
ma.L3          0.8851      0.202      4.376      0.000       0.489       1.281
sigma2      4.292e+05    1.2e+05      3.589      0.000    1.95e+05    6.64e+05
===================================================================================
Ljung-Box (L1) (Q):                   7.67   Jarque-Bera (JB):                 2.57
Prob(Q):                              0.01   Prob(JB):                         0.28
Heteroskedasticity (H):               0.71   Skew:                             0.37
Prob(H) (two-sided):                  0.32   Kurtosis:                         2.87
===================================================================================

Warnings:
[1] Covariance matrix calculated using the outer product of gradients (complex-step).
-------------------------------------
gold, shape=(108,)
8416.26
8243.17
7940.83
7534.09
7743.19
7049.83
8841.29
9843.29
7749.19
8419.37
8316.49
7928.16
8516.26
8343.17
8040.83
7634.09
7843.19
7149.83
8941.29
9943.29
7849.19
8519.37
8416.49
8028.16
8669.26
8496.17
8193.83
7787.09
7996.19
7302.83
9094.29
10096.29
8002.19
8672.37
8569.49
8181.16
8845.26
8672.17
8369.83
7963.09
8172.19
7478.83
9270.29
10272.29
8178.19
8848.37
8745.49
8357.16
9131.26
8958.17
8655.83
8249.09
8458.19
7764.83
9556.29
10558.29
8464.19
9134.37
9031.49
8643.16
9372.26
9199.17
8896.83
8490.09
8699.19
8005.83
9797.29
10799.29
8705.19
9375.37
9272.49
8884.16
9555.26
9382.17
9079.83
8673.09
8882.19
8188.83
9980.29
10982.29
8888.19
9558.37
9455.49
9067.16
9719.26
9546.17
9243.83
8837.09
9046.19
8352.83
10144.29
11146.29
9052.19
9722.37
9619.49
9231.16
9998.26
9825.17
9522.83
9116.09
9325.19
8631.83
10423.29
11425.29
9331.19
10001.37
9898.49
9510.16

pred in sample, shape=(108,)
0.0
7110.85
6714.18
8240.78
6166.63
8379.11
7321.76
9651.14
8058.63
8216.27
7801.81
8136.33
9125.45
8748.12
8313.34
7720.91
7294.57
7944.91
7592.5
9358.08
8298.27
8411.82
8282.0
8161.91
9183.22
8603.1
8432.45
7860.52
7637.03
8140.89
7787.65
9359.98
8361.88
8553.41
8568.46
8404.24
9377.57
8676.42
8496.64
7971.66
7864.08
8411.53
8049.67
9506.27
8445.88
8657.48
8755.51
8654.08
9634.55
8934.47
8654.97
8195.28
8086.35
8789.53
8410.4
9862.65
8665.59
8881.35
8966.4
8977.76
9980.2
9273.96
8907.83
8373.07
8255.96
9000.58
8699.88
10170.96
8945.9
9098.27
9147.48
9169.83
10230.21
9531.52
9178.44
8547.2
8411.52
9099.58
8874.05
10369.53
9203.31
9309.28
9327.8
9287.98
10375.93
9694.34
9405.86
8748.73
8599.17
9214.31
8997.67
10500.2
9400.33
9516.66
9532.69
9433.61
10500.82
9884.41
9619.43
9086.03
8894.94
9557.46
9240.68
10759.67
9615.72
9814.67
9829.72
9773.35

pred for future(2021-2022), shape=(24,)
10777.25
10458.22
9950.28
9784.98
9440.16
10026.23
10476.7
10400.25
10118.83
9620.31
9602.21
10025.06
10382.04
10435.73
10058.77
9662.58
9662.47
10003.63
10372.98
10391.25
10044.85
9703.23
9689.77
10014.04
