                               SARIMAX Results                                
==============================================================================
Dep. Variable:                      y   No. Observations:                  108
Model:               SARIMAX(0, 1, 1)   Log Likelihood                -977.388
Date:                Sat, 01 May 2021   AIC                           1958.775
Time:                        00:50:12   BIC                           1964.121
Sample:                             0   HQIC                          1960.942
                                - 108                                         
Covariance Type:                  opg                                         
==============================================================================
                 coef    std err          z      P>|z|      [0.025      0.975]
------------------------------------------------------------------------------
ma.L1         -0.1246      0.021     -5.923      0.000      -0.166      -0.083
sigma2      4.939e+06    8.2e-11   6.02e+16      0.000    4.94e+06    4.94e+06
===================================================================================
Ljung-Box (L1) (Q):                  18.60   Jarque-Bera (JB):                 2.03
Prob(Q):                              0.00   Prob(JB):                         0.36
Heteroskedasticity (H):               0.85   Skew:                             0.23
Prob(H) (two-sided):                  0.62   Kurtosis:                         2.51
===================================================================================

Warnings:
[1] Covariance matrix calculated using the outer product of gradients (complex-step).
-------------------------------------
gold, shape=(108,)
51236.24
51623.16
50126.31
51843.62
52031.56
49867.15
50461.25
48613.69
53168.26
54168.2
50145.21
53142.29
51336.24
51723.16
50226.31
51943.62
52131.56
49967.15
50561.25
48713.69
53268.26
54268.2
50245.21
53242.29
51489.24
51876.16
50379.31
52096.62
52284.56
50120.15
50714.25
48866.69
53421.26
54421.2
50398.21
53395.29
51665.24
52052.16
50555.31
52272.62
52460.56
50296.15
50890.25
49042.69
53597.26
54597.2
50574.21
53571.29
51951.24
52338.16
50841.31
52558.62
52746.56
50582.15
51176.25
49328.69
53883.26
54883.2
50860.21
53857.29
52192.24
52579.16
51082.31
52799.62
52987.56
50823.15
51417.25
49569.69
54124.26
55124.2
51101.21
54098.29
52375.24
52762.16
51265.31
52982.62
53170.56
51006.15
51600.25
49752.69
54307.26
55307.2
51284.21
54281.29
52539.24
52926.16
51429.31
53146.62
53334.56
51170.15
51764.25
49916.69
54471.26
55471.2
51448.21
54445.29
52818.24
53205.16
51708.31
53425.62
53613.56
51449.15
52043.25
50195.69
54750.26
55750.2
51727.21
54724.29

pred in sample, shape=(108,)
0.0
45993.0
50923.34
50225.65
51641.95
51983.0
50130.88
50420.07
48838.85
52628.62
53976.3
50622.74
52828.24
51522.21
51698.11
50409.76
51752.43
52084.3
50231.04
50520.09
48938.85
52728.62
54076.3
50722.74
52928.24
51668.6
51850.29
50562.66
51905.42
52237.3
50384.04
50673.09
49091.85
52881.62
54229.3
50875.74
53081.24
51841.74
52025.93
50738.62
52081.41
52413.3
50560.04
50849.09
49267.85
53057.62
54405.3
51051.74
53257.24
52114.03
52310.22
51024.4
52367.39
52699.3
50846.04
51135.09
49553.85
53343.62
54691.3
51337.74
53543.24
52360.64
52551.92
51265.49
52608.4
52940.3
51087.04
51376.09
49794.85
53584.62
54932.3
51578.74
53784.24
52550.86
52735.82
51448.6
52791.41
53123.3
51270.04
51559.09
49977.85
53767.62
55115.3
51761.74
53967.24
52717.23
52900.12
51612.64
52955.42
53287.3
51434.04
51723.09
50141.85
53931.62
55279.3
51925.74
54131.24
52981.9
53177.33
51891.42
53234.39
53566.3
51713.04
52002.09
50420.85
54210.62
55558.3
52204.74

pred for future(2021-2022), shape=(24,)
54410.24
54410.24
54410.24
54410.24
54410.24
54410.24
54410.24
54410.24
54410.24
54410.24
54410.24
54410.24
54410.24
54410.24
54410.24
54410.24
54410.24
54410.24
54410.24
54410.24
54410.24
54410.24
54410.24
54410.24
