                               SARIMAX Results                                
==============================================================================
Dep. Variable:                      y   No. Observations:                  108
Model:               SARIMAX(3, 1, 1)   Log Likelihood                -838.684
Date:                Sat, 01 May 2021   AIC                           1689.368
Time:                        00:50:35   BIC                           1705.405
Sample:                             0   HQIC                          1695.869
                                - 108                                         
Covariance Type:                  opg                                         
==============================================================================
                 coef    std err          z      P>|z|      [0.025      0.975]
------------------------------------------------------------------------------
intercept     50.8338    119.127      0.427      0.670    -182.650     284.318
ar.L1         -2.2544      0.057    -39.763      0.000      -2.365      -2.143
ar.L2         -1.9730      0.082    -24.085      0.000      -2.134      -1.812
ar.L3         -0.7183      0.047    -15.210      0.000      -0.811      -0.626
ma.L1          0.9811      0.054     18.037      0.000       0.875       1.088
sigma2      3.077e+05      0.036   8.44e+06      0.000    3.08e+05    3.08e+05
===================================================================================
Ljung-Box (L1) (Q):                   0.51   Jarque-Bera (JB):                 4.96
Prob(Q):                              0.48   Prob(JB):                         0.08
Heteroskedasticity (H):               0.57   Skew:                             0.48
Prob(H) (two-sided):                  0.09   Kurtosis:                         3.45
===================================================================================

Warnings:
[1] Covariance matrix calculated using the outer product of gradients (complex-step).
[2] Covariance matrix is singular or near-singular, with condition number 4.08e+22. Standard errors may be unstable.
-------------------------------------
gold, shape=(108,)
8438.16
7419.26
9150.43
8016.49
9431.06
7349.15
10341.29
6497.59
9418.46
8106.49
7948.16
8644.59
8538.16
7519.26
9250.43
8116.49
9531.06
7449.15
10441.29
6597.59
9518.46
8206.49
8048.16
8744.59
8691.16
7672.26
9403.43
8269.49
9684.06
7602.15
10594.29
6750.59
9671.46
8359.49
8201.16
8897.59
8867.16
7848.26
9579.43
8445.49
9860.06
7778.15
10770.29
6926.59
9847.46
8535.49
8377.16
9073.59
9153.16
8134.26
9865.43
8731.49
10146.06
8064.15
11056.29
7212.59
10133.46
8821.49
8663.16
9359.59
9394.16
8375.26
10106.43
8972.49
10387.06
8305.15
11297.29
7453.59
10374.46
9062.49
8904.16
9600.59
9577.16
8558.26
10289.43
9155.49
10570.06
8488.15
11480.29
7636.59
10557.46
9245.49
9087.16
9783.59
9741.16
8722.26
10453.43
9319.49
10734.06
8652.15
11644.29
7800.59
10721.46
9409.49
9251.16
9947.59
10020.16
9001.26
10732.43
9598.49
11013.06
8931.15
11923.29
8079.59
11000.46
9688.49
9530.16
10226.59

pred in sample, shape=(108,)
8.55
4246.85
6256.07
7213.85
8612.61
7990.84
9554.05
7439.19
9957.21
7828.9
8367.62
8459.19
8552.3
7555.41
9542.92
7210.41
8894.4
7988.81
9705.21
7537.88
10009.88
7949.94
8458.39
8553.48
8663.5
7628.68
9667.1
7346.5
9082.22
8120.09
9869.96
7691.07
10149.12
8109.7
8608.01
8705.06
8819.91
7772.1
9829.74
7516.67
9271.36
8287.89
10050.24
7867.76
10318.53
8289.29
8781.92
8880.95
8996.98
7916.53
10037.1
7799.3
9564.37
8569.29
10338.9
8153.64
10601.58
8576.71
9067.26
9166.46
9283.97
8214.42
10311.8
8039.28
9808.43
8808.53
10580.6
8395.32
10840.18
8819.23
9307.18
9407.87
9524.87
8471.67
10536.78
8222.57
9992.34
8991.34
10763.19
8579.54
11020.97
9003.91
9488.77
9591.86
9707.07
8660.71
10713.8
8387.26
10156.39
9155.73
10926.46
8744.74
11183.17
9169.39
9651.47
9756.91
9870.16
8794.1
10908.67
8665.99
10436.09
9434.3
11205.66
9023.85
11461.68
9448.69
9930.27
10035.96

pred for future(2021-2022), shape=(24,)
10149.17
9114.21
11150.69
8708.17
10990.77
9252.05
10473.54
9561.53
10507.34
9347.95
10801.5
9183.58
10846.74
9296.26
10723.22
9421.58
10705.13
9405.48
10788.74
9363.42
10831.85
9390.85
10816.84
9441.25
