                               SARIMAX Results                                
==============================================================================
Dep. Variable:                      y   No. Observations:                  108
Model:               SARIMAX(3, 1, 0)   Log Likelihood                -983.021
Date:                Sat, 01 May 2021   AIC                           1974.042
Time:                        00:50:11   BIC                           1984.733
Sample:                             0   HQIC                          1978.376
                                - 108                                         
Covariance Type:                  opg                                         
==============================================================================
                 coef    std err          z      P>|z|      [0.025      0.975]
------------------------------------------------------------------------------
ar.L1         -0.0978      0.022     -4.549      0.000      -0.140      -0.056
ar.L2         -0.0246      0.027     -0.915      0.360      -0.077       0.028
ar.L3          0.0796      0.026      3.113      0.002       0.029       0.130
sigma2       5.45e+06      1e-10   5.44e+16      0.000    5.45e+06    5.45e+06
===================================================================================
Ljung-Box (L1) (Q):                  20.96   Jarque-Bera (JB):                 4.86
Prob(Q):                              0.00   Prob(JB):                         0.09
Heteroskedasticity (H):               0.90   Skew:                            -0.39
Prob(H) (two-sided):                  0.77   Kurtosis:                         2.31
===================================================================================

Warnings:
[1] Covariance matrix calculated using the outer product of gradients (complex-step).
[2] Covariance matrix is singular or near-singular, with condition number 1.32e+32. Standard errors may be unstable.
-------------------------------------
gold, shape=(108,)
79560.12
76823.15
77863.03
80120.35
80063.56
75426.12
79542.36
79423.56
76352.12
79851.62
78542.56
79583.16
79660.12
76923.15
77963.03
80220.35
80163.56
75526.12
79642.36
79523.56
76452.12
79951.62
78642.56
79683.16
79813.12
77076.15
78116.03
80373.35
80316.56
75679.12
79795.36
79676.56
76605.12
80104.62
78795.56
79836.16
79989.12
77252.15
78292.03
80549.35
80492.56
75855.12
79971.36
79852.56
76781.12
80280.62
78971.56
80012.16
80275.12
77538.15
78578.03
80835.35
80778.56
76141.12
80257.36
80138.56
77067.12
80566.62
79257.56
80298.16
80516.12
77779.15
78819.03
81076.35
81019.56
76382.12
80498.36
80379.56
77308.12
80807.62
79498.56
80539.16
80699.12
77962.15
79002.03
81259.35
81202.56
76565.12
80681.36
80562.56
77491.12
80990.62
79681.56
80722.16
80863.12
78126.15
79166.03
81423.35
81366.56
76729.12
80845.36
80726.56
77655.12
81154.62
79845.56
80886.16
81142.12
78405.15
79445.03
81702.35
81645.56
77008.12
81124.36
81005.56
77934.12
81433.62
80124.56
81165.16

pred in sample, shape=(108,)
0.0
73005.25
74905.89
83185.94
79656.2
80096.42
76060.8
79249.06
78965.08
76983.05
79575.25
78340.27
79791.97
79522.87
77271.81
77934.65
79756.2
80196.42
76160.8
79349.06
79065.08
77083.05
79675.25
78440.27
79891.97
79670.68
77423.51
78091.86
79909.2
80349.42
76313.8
79502.06
79218.08
77236.05
79828.25
78593.27
80044.97
79844.43
77598.95
78269.69
80085.2
80525.42
76489.8
79678.06
79394.08
77412.05
80004.25
78769.27
80220.97
80119.67
77882.25
78564.45
80371.2
80811.42
76775.8
79964.06
79680.08
77698.05
80290.25
79055.27
80506.97
80365.08
78124.35
78801.87
80612.2
81052.42
77016.8
80205.06
79921.08
77939.05
80531.25
79296.27
80747.97
80553.75
78308.78
78980.25
80795.2
81235.42
77199.8
80388.06
80104.08
78122.05
80714.25
79479.27
80930.97
80719.61
78473.24
79142.74
80959.2
81399.42
77363.8
80552.06
80268.08
78286.05
80878.25
79643.27
81094.97
80987.36
78749.42
79430.89
81238.2
81678.42
77642.8
80831.06
80547.08
78565.05
81157.25
79922.27

pred for future(2021-2022), shape=(24,)
81373.97
81223.82
81316.18
81327.45
81312.13
81320.71
81321.14
81319.67
81320.48
81320.47
81320.34
81320.42
81320.41
81320.4
81320.41
81320.41
81320.4
81320.4
81320.4
81320.4
81320.4
81320.4
81320.4
81320.4
