                               SARIMAX Results                                
==============================================================================
Dep. Variable:                      y   No. Observations:                  108
Model:               SARIMAX(3, 1, 2)   Log Likelihood                -919.076
Date:                Sat, 01 May 2021   AIC                           1852.152
Time:                        00:50:19   BIC                           1870.862
Sample:                             0   HQIC                          1859.737
                                - 108                                         
Covariance Type:                  opg                                         
==============================================================================
                 coef    std err          z      P>|z|      [0.025      0.975]
------------------------------------------------------------------------------
intercept     28.6412      6.810      4.205      0.000      15.293      41.990
ar.L1         -0.1635      0.168     -0.974      0.330      -0.493       0.166
ar.L2         -0.4273      0.158     -2.706      0.007      -0.737      -0.118
ar.L3         -0.0439      0.138     -0.317      0.751      -0.315       0.227
ma.L1         -1.8049      0.136    -13.294      0.000      -2.071      -1.539
ma.L2          0.8087      0.129      6.245      0.000       0.555       1.062
sigma2      1.859e+06   3.79e+05      4.907      0.000    1.12e+06     2.6e+06
===================================================================================
Ljung-Box (L1) (Q):                   5.85   Jarque-Bera (JB):                24.21
Prob(Q):                              0.02   Prob(JB):                         0.00
Heteroskedasticity (H):               0.42   Skew:                             1.09
Prob(H) (two-sided):                  0.01   Kurtosis:                         3.82
===================================================================================

Warnings:
[1] Covariance matrix calculated using the outer product of gradients (complex-step).
-------------------------------------
gold, shape=(108,)
11435.21
9345.83
10439.12
11345.32
13429.13
9341.39
8341.75
14219.34
9426.19
10349.16
10451.06
11481.03
11535.21
9445.83
10539.12
11445.32
13529.13
9441.39
8441.75
14319.34
9526.19
10449.16
10551.06
11581.03
11688.21
9598.83
10692.12
11598.32
13682.13
9594.39
8594.75
14472.34
9679.19
10602.16
10704.06
11734.03
11864.21
9774.83
10868.12
11774.32
13858.13
9770.39
8770.75
14648.34
9855.19
10778.16
10880.06
11910.03
12150.21
10060.83
11154.12
12060.32
14144.13
10056.39
9056.75
14934.34
10141.19
11064.16
11166.06
12196.03
12391.21
10301.83
11395.12
12301.32
14385.13
10297.39
9297.75
15175.34
10382.19
11305.16
11407.06
12437.03
12574.21
10484.83
11578.12
12484.32
14568.13
10480.39
9480.75
15358.34
10565.19
11488.16
11590.06
12620.03
12738.21
10648.83
11742.12
12648.32
14732.13
10644.39
9644.75
15522.34
10729.19
11652.16
11754.06
12784.03
13017.21
10927.83
12021.12
12927.32
15011.13
10923.39
9923.75
15801.34
11008.19
11931.16
12033.06
13063.03

pred in sample, shape=(108,)
17.52
6191.49
4957.63
6421.08
6861.63
6197.77
7635.97
10704.77
9015.87
9158.51
10385.01
10926.86
10394.77
9596.36
10784.85
11588.16
11017.92
8384.75
9228.41
12428.23
10127.65
10338.11
11468.0
12069.32
11513.42
10572.29
11728.79
12507.28
11906.2
9081.12
9837.78
13051.04
10644.71
10859.77
11967.88
12581.98
12024.17
11041.51
12180.31
12945.62
12332.11
9448.62
10175.73
13390.77
10949.01
11164.44
12264.86
12883.87
12326.47
11232.26
12245.49
12908.09
12213.92
9248.71
9919.7
13103.25
10623.63
10824.12
11912.29
12529.68
11972.69
10921.96
11996.15
12712.19
12062.54
9125.27
9823.31
13035.14
10571.74
10792.55
11896.43
12530.02
11986.33
11001.61
12156.4
12940.2
12344.78
9445.77
10175.64
13415.09
10968.95
11205.99
12321.05
12964.01
12426.42
11463.11
12643.37
13447.43
12866.96
9975.84
10711.53
13955.74
11509.65
11747.06
12860.41
13501.29
12960.36
11881.21
12918.96
13602.97
12926.0
9956.24
10630.09
13826.62
11342.29
11551.58
12643.76
13269.91

pred for future(2021-2022), shape=(24,)
12718.93
12192.08
12408.62
12642.09
12563.19
12495.46
12558.63
12609.35
12605.68
12610.48
12637.67
12659.98
12673.14
12688.91
12708.37
12726.51
12743.18
12760.49
12778.38
12795.97
12813.33
12830.83
12848.42
12865.94
