                               SARIMAX Results                                
==============================================================================
Dep. Variable:                      y   No. Observations:                  108
Model:               SARIMAX(5, 1, 3)   Log Likelihood                -879.381
Date:                Sat, 01 May 2021   AIC                           1776.762
Time:                        00:50:23   BIC                           1800.817
Sample:                             0   HQIC                          1786.513
                                - 108                                         
Covariance Type:                  opg                                         
==============================================================================
                 coef    std err          z      P>|z|      [0.025      0.975]
------------------------------------------------------------------------------
ar.L1         -1.1865      0.106    -11.208      0.000      -1.394      -0.979
ar.L2         -0.9229      0.167     -5.513      0.000      -1.251      -0.595
ar.L3         -0.6502      0.145     -4.471      0.000      -0.935      -0.365
ar.L4         -0.3351      0.130     -2.584      0.010      -0.589      -0.081
ar.L5          0.2107      0.084      2.511      0.012       0.046       0.375
ma.L1          0.4919      0.104      4.718      0.000       0.288       0.696
ma.L2         -0.2434      0.110     -2.218      0.027      -0.458      -0.028
ma.L3         -0.8382      0.122     -6.851      0.000      -1.078      -0.598
sigma2      5.385e+05   1.02e+05      5.301      0.000    3.39e+05    7.38e+05
===================================================================================
Ljung-Box (L1) (Q):                   0.02   Jarque-Bera (JB):                34.32
Prob(Q):                              0.88   Prob(JB):                         0.00
Heteroskedasticity (H):               0.44   Skew:                             0.89
Prob(H) (two-sided):                  0.02   Kurtosis:                         5.12
===================================================================================

Warnings:
[1] Covariance matrix calculated using the outer product of gradients (complex-step).
-------------------------------------
gold, shape=(108,)
12439.43
10249.53
11427.16
13429.82
11460.16
10429.34
9834.19
12346.19
13491.28
10164.29
11429.73
10438.59
12539.43
10349.53
11527.16
13529.82
11560.16
10529.34
9934.19
12446.19
13591.28
10264.29
11529.73
10538.59
12692.43
10502.53
11680.16
13682.82
11713.16
10682.34
10087.19
12599.19
13744.28
10417.29
11682.73
10691.59
12868.43
10678.53
11856.16
13858.82
11889.16
10858.34
10263.19
12775.19
13920.28
10593.29
11858.73
10867.59
13154.43
10964.53
12142.16
14144.82
12175.16
11144.34
10549.19
13061.19
14206.28
10879.29
12144.73
11153.59
13395.43
11205.53
12383.16
14385.82
12416.16
11385.34
10790.19
13302.19
14447.28
11120.29
12385.73
11394.59
13578.43
11388.53
12566.16
14568.82
12599.16
11568.34
10973.19
13485.19
14630.28
11303.29
12568.73
11577.59
13742.43
11552.53
12730.16
14732.82
12763.16
11732.34
11137.19
13649.19
14794.28
11467.29
12732.73
11741.59
14021.43
11831.53
13009.16
15011.82
13042.16
12011.34
11416.19
13928.19
15073.28
11746.29
13011.73
12020.59

pred in sample, shape=(108,)
0.0
9135.08
8541.63
7338.55
9399.25
12595.14
8106.48
12674.13
12221.46
9703.46
11465.5
10324.43
12503.55
11505.01
9946.57
12360.76
11514.98
10980.5
10307.24
12368.02
12249.37
11104.89
10709.58
10929.28
13126.17
10835.07
10902.4
12297.51
11425.59
11777.63
9859.12
12757.44
12674.94
10744.2
11360.21
10905.32
13092.08
11417.2
10665.29
12602.58
11791.0
11559.18
10346.16
12832.59
12666.85
11247.03
11253.21
11136.09
13444.9
11314.24
11096.27
12712.25
11856.49
12047.26
10321.04
13133.6
13040.84
11241.55
11715.65
11331.41
13579.61
11780.56
11166.81
13036.4
12225.47
12093.73
10750.54
13339.54
13186.14
11680.03
11808.21
11610.54
13931.57
11833.48
11539.41
13275.45
12342.84
12467.64
10867.19
13545.97
13502.3
11749.64
12099.16
11822.47
14032.88
12146.78
11656.25
13460.16
12618.73
12537.96
11119.7
13736.69
13597.32
12028.81
12212.34
11980.86
14284.03
12258.47
11899.55
13618.43
12771.13
12843.76
11252.42
13987.77
13877.27
12178.53
12531.81
12208.72

pred for future(2021-2022), shape=(24,)
14490.03
12652.21
12230.42
13420.27
12556.38
13893.66
12084.81
13070.78
13241.18
12674.92
13436.39
12233.2
13476.77
12842.37
12855.11
13180.62
12524.87
13468.82
12604.49
13078.73
12988.39
12765.35
13293.57
12590.39
