                               SARIMAX Results                                
==============================================================================
Dep. Variable:                      y   No. Observations:                  108
Model:               SARIMAX(4, 1, 1)   Log Likelihood                -993.367
Date:                Sat, 01 May 2021   AIC                           1998.735
Time:                        00:50:26   BIC                           2014.772
Sample:                             0   HQIC                          2005.236
                                - 108                                         
Covariance Type:                  opg                                         
==============================================================================
                 coef    std err          z      P>|z|      [0.025      0.975]
------------------------------------------------------------------------------
ar.L1         -0.1380      0.176     -0.784      0.433      -0.483       0.207
ar.L2         -0.5126      0.315     -1.629      0.103      -1.129       0.104
ar.L3         -0.1956      0.239     -0.817      0.414      -0.665       0.274
ar.L4         -0.2112      0.223     -0.949      0.343      -0.648       0.225
ma.L1         -0.9349      0.064    -14.614      0.000      -1.060      -0.809
sigma2      6.505e+06    4.4e-08   1.48e+14      0.000     6.5e+06     6.5e+06
===================================================================================
Ljung-Box (L1) (Q):                   0.04   Jarque-Bera (JB):               245.08
Prob(Q):                              0.85   Prob(JB):                         0.00
Heteroskedasticity (H):               1.10   Skew:                            -2.42
Prob(H) (two-sided):                  0.78   Kurtosis:                         8.61
===================================================================================

Warnings:
[1] Covariance matrix calculated using the outer product of gradients (complex-step).
[2] Covariance matrix is singular or near-singular, with condition number 5.75e+29. Standard errors may be unstable.
-------------------------------------
gold, shape=(108,)
10459.16
11246.13
9843.16
9948.16
11249.37
13143.08
10167.16
9416.16
8143.46
10493.16
11438.73
10849.48
10559.16
11346.13
9943.16
1048.16
11349.37
13243.08
10267.16
9516.16
8243.46
10593.16
11538.73
10949.48
10712.16
11499.13
10096.16
1201.16
11502.37
13396.08
10420.16
9669.16
8396.46
10746.16
11691.73
11102.48
10888.16
11675.13
10272.16
1377.16
11678.37
13572.08
10596.16
9845.16
8572.46
10922.16
11867.73
11278.48
11174.16
11961.13
10558.16
1663.16
11964.37
13858.08
10882.16
10131.16
8858.46
11208.16
12153.73
11564.48
11415.16
12202.13
10799.16
1904.16
12205.37
14099.08
11123.16
10372.16
9099.46
11449.16
12394.73
11805.48
11598.16
12385.13
10982.16
2087.16
12388.37
14282.08
11306.16
10555.16
9282.46
11632.16
12577.73
11988.48
11762.16
12549.13
11146.16
2251.16
12552.37
14446.08
11470.16
10719.16
9446.46
11796.16
12741.73
12152.48
12041.16
12828.13
11425.16
2530.16
12831.37
14725.08
11749.16
10998.16
9725.46
12075.16
13020.73
12431.48

pred in sample, shape=(108,)
0.0
7459.45
6235.2
7096.55
6800.67
8023.13
8574.66
8045.99
9256.32
9837.4
11026.33
10147.81
9630.78
9386.86
9532.08
9541.37
10648.27
13953.6
10389.29
9684.1
8753.88
9457.71
10645.82
9783.72
9273.79
9029.79
9132.23
9160.57
10453.41
13771.34
10239.67
9556.43
8646.85
9372.61
10568.07
9715.51
9213.69
8975.11
9070.49
9106.47
10435.25
13763.02
10244.38
9572.01
8672.74
9408.74
10611.43
9766.18
9271.07
9030.69
9082.53
9114.04
10442.57
13787.86
10286.36
9629.76
8745.28
9495.24
10710.52
9877.16
9393.14
9166.37
9247.68
9292.73
10635.74
13983.99
10485.4
9831.49
8949.53
9701.88
10919.31
10087.97
9605.85
9385.08
9493.7
9545.93
10896.81
14239.93
10736.59
10078.23
9192.11
9940.58
11154.35
10319.61
9834.31
9611.95
9726.19
9777.67
11128.18
14466.91
10959.46
10297.26
9407.56
10152.67
11363.31
10525.64
10037.6
9804.29
9865.22
9903.33
11239.55
14589.2
11091.96
10439.31
9558.53
10311.98
11530.42
10700.03

pred for future(2021-2022), shape=(24,)
10218.8
10145.02
11204.94
11653.64
11530.21
11125.55
10933.03
11096.39
11277.74
11292.09
11205.87
11140.44
11152.56
11198.25
11216.74
11202.22
11183.25
11180.05
11189.15
11196.31
11195.29
11190.66
11188.5
11189.86
