                               SARIMAX Results                                
==============================================================================
Dep. Variable:                      y   No. Observations:                  108
Model:               SARIMAX(0, 1, 1)   Log Likelihood               -1007.645
Date:                Sat, 01 May 2021   AIC                           2019.289
Time:                        00:50:13   BIC                           2024.635
Sample:                             0   HQIC                          2021.456
                                - 108                                         
Covariance Type:                  opg                                         
==============================================================================
                 coef    std err          z      P>|z|      [0.025      0.975]
------------------------------------------------------------------------------
ma.L1         -0.2896      0.032     -9.158      0.000      -0.352      -0.228
sigma2      8.667e+06   3.68e-10   2.35e+16      0.000    8.67e+06    8.67e+06
===================================================================================
Ljung-Box (L1) (Q):                   8.21   Jarque-Bera (JB):                 0.09
Prob(Q):                              0.00   Prob(JB):                         0.96
Heteroskedasticity (H):               0.70   Skew:                            -0.04
Prob(H) (two-sided):                  0.29   Kurtosis:                         2.88
===================================================================================

Warnings:
[1] Covariance matrix calculated using the outer product of gradients (complex-step).
[2] Covariance matrix is singular or near-singular, with condition number    inf. Standard errors may be unstable.
-------------------------------------
gold, shape=(108,)
36152.49
37429.16
39426.42
40513.29
34593.29
36751.26
34541.26
38651.36
39315.34
38216.39
35164.32
40310.32
36252.49
37529.16
39526.42
40613.29
34693.29
36851.26
34641.26
38751.36
39415.34
38316.39
35264.32
40410.32
36405.49
37682.16
39679.42
40766.29
34846.29
37004.26
34794.26
38904.36
39568.34
38469.39
35417.32
40563.32
36581.49
37858.16
39855.42
40942.29
35022.29
37180.26
34970.26
39080.36
39744.34
38645.39
35593.32
40739.32
36867.49
38144.16
40141.42
41228.29
35308.29
37466.26
35256.26
39366.36
40030.34
38931.39
35879.32
41025.32
37108.49
38385.16
40382.42
41469.29
35549.29
37707.26
35497.26
39607.36
40271.34
39172.39
36120.32
41266.32
37291.49
38568.16
40565.42
41652.29
35732.29
37890.26
35680.26
39790.36
40454.34
39355.39
36303.32
41449.32
37455.49
38732.16
40729.42
41816.29
35896.29
38054.26
35844.26
39954.36
40618.34
39519.39
36467.32
41613.32
37734.49
39011.16
41008.42
42095.29
36175.29
38333.26
36123.26
40233.36
40897.34
39798.39
36746.32
41892.32

pred in sample, shape=(108,)
0.0
27423.36
34571.73
38022.34
39792.09
36098.61
36562.28
35126.46
37630.71
38827.55
38393.35
36099.3
39091.0
37074.39
37397.48
38909.98
40120.09
36264.64
36681.4
35231.99
37732.31
38928.01
38493.49
36199.34
39191.01
37212.05
37546.04
39061.69
40272.72
36417.54
36834.37
35384.98
37885.31
39081.01
38646.49
36352.34
39344.01
37381.39
37720.11
39237.13
40448.55
36593.49
37010.36
35560.98
38061.31
39257.01
38822.49
36528.34
39520.01
37635.54
37996.89
39520.46
40733.78
36879.26
37296.29
35846.96
38347.3
39543.01
39108.49
36814.34
39806.01
37889.57
38241.66
39762.55
40975.1
37120.36
37537.32
36087.97
38588.3
39784.01
39349.49
37055.34
40047.01
38089.36
38429.52
39946.96
41158.5
37303.47
37720.35
36270.98
38771.31
39967.01
39532.49
37238.34
40230.01
38258.87
38595.12
40111.42
41322.64
37467.51
37884.36
36434.98
38935.31
40131.01
39696.49
37402.34
40394.01
38504.57
38864.47
40387.63
41600.83
37746.28
38163.3
36713.96
39214.3
40410.01
39975.49
37681.34

pred for future(2021-2022), shape=(24,)
40673.01
40673.01
40673.01
40673.01
40673.01
40673.01
40673.01
40673.01
40673.01
40673.01
40673.01
40673.01
40673.01
40673.01
40673.01
40673.01
40673.01
40673.01
40673.01
40673.01
40673.01
40673.01
40673.01
40673.01
