                               SARIMAX Results                                
==============================================================================
Dep. Variable:                      y   No. Observations:                  108
Model:               SARIMAX(2, 1, 4)   Log Likelihood                -900.335
Date:                Sat, 01 May 2021   AIC                           1816.671
Time:                        00:50:32   BIC                           1838.053
Sample:                             0   HQIC                          1825.339
                                - 108                                         
Covariance Type:                  opg                                         
==============================================================================
                 coef    std err          z      P>|z|      [0.025      0.975]
------------------------------------------------------------------------------
intercept    124.9825     56.383      2.217      0.027      14.474     235.491
ar.L1         -1.7279      0.011   -162.900      0.000      -1.749      -1.707
ar.L2         -0.9908      0.010   -100.815      0.000      -1.010      -0.972
ma.L1          1.5160      0.151     10.025      0.000       1.220       1.812
ma.L2         -0.1392      0.206     -0.674      0.500      -0.544       0.265
ma.L3         -1.4402      0.196     -7.364      0.000      -1.824      -1.057
ma.L4         -0.6640      0.132     -5.044      0.000      -0.922      -0.406
sigma2      1.091e+06      0.004   2.45e+08      0.000    1.09e+06    1.09e+06
===================================================================================
Ljung-Box (L1) (Q):                   0.41   Jarque-Bera (JB):                 1.85
Prob(Q):                              0.52   Prob(JB):                         0.40
Heteroskedasticity (H):               0.47   Skew:                             0.11
Prob(H) (two-sided):                  0.02   Kurtosis:                         3.61
===================================================================================

Warnings:
[1] Covariance matrix calculated using the outer product of gradients (complex-step).
[2] Covariance matrix is singular or near-singular, with condition number 2.49e+24. Standard errors may be unstable.
-------------------------------------
gold, shape=(108,)
10483.19
9843.16
8416.29
11468.19
9831.73
11438.16
13462.07
10438.16
11438.16
8439.75
9843.15
11346.37
10583.19
9943.16
8516.29
11568.19
9931.73
11538.16
13562.07
10538.16
11538.16
8539.75
9943.15
11446.37
10736.19
10096.16
8669.29
11721.19
10084.73
11691.16
13715.07
10691.16
11691.16
8692.75
10096.15
11599.37
10912.19
10272.16
8845.29
11897.19
10260.73
11867.16
13891.07
10867.16
11867.16
8868.75
10272.15
11775.37
11198.19
10558.16
9131.29
12183.19
10546.73
12153.16
14177.07
11153.16
12153.16
9154.75
10558.15
12061.37
11439.19
10799.16
9372.29
12424.19
10787.73
12394.16
14418.07
11394.16
12394.16
9395.75
10799.15
12302.37
11622.19
10982.16
9555.29
12607.19
10970.73
12577.16
14601.07
11577.16
12577.16
9578.75
10982.15
12485.37
11786.19
11146.16
9719.29
12771.19
11134.73
12741.16
14765.07
11741.16
12741.16
9742.75
11146.15
12649.37
12065.19
11425.16
9998.29
13050.19
11413.73
13020.16
15044.07
12020.16
13020.16
10021.75
11425.15
12928.37

pred in sample, shape=(108,)
33.61
8665.36
7807.92
8250.68
8906.19
10032.96
9149.6
12117.06
9053.16
11206.31
8353.72
10993.63
9985.15
11014.77
9010.08
10209.53
10938.37
9445.9
12230.16
10791.2
11120.95
10529.6
9386.33
11332.66
10118.95
11956.93
8680.71
11243.57
10878.65
9940.96
12733.86
10744.61
11866.67
10351.67
10016.92
11422.73
10422.93
12384.73
8653.81
11877.96
10826.83
10429.91
12923.75
10941.01
12285.5
10347.57
10511.69
11450.14
10805.05
12670.02
8826.03
12363.56
10879.94
10942.42
13049.47
11316.48
12575.93
10539.21
10948.31
11558.1
11265.27
12798.98
9148.75
12652.81
11054.44
11338.79
13173.67
11704.05
12754.68
10817.86
11247.16
11722.31
11651.67
12879.68
9494.41
12809.63
11294.77
11600.8
13318.16
12029.15
12867.75
11115.45
11419.37
11929.75
11919.36
12988.17
9798.51
12914.31
11562.07
11767.28
13502.23
12277.21
12978.92
11396.41
11528.84
12170.89
12095.44
13237.39
10065.05
13108.05
11860.35
11969.06
13771.07
12535.31
13189.72
11706.51
11711.29
12486.97

pred for future(2021-2022), shape=(24,)
12306.81
13479.14
11749.28
13409.79
12379.51
12639.5
13336.03
11999.9
13743.46
12179.57
13279.28
13053.56
12479.0
13820.4
12196.86
13798.1
12764.89
13088.67
13677.88
12463.98
14102.67
12598.89
13698.65
13413.29
