                               SARIMAX Results                                
==============================================================================
Dep. Variable:                      y   No. Observations:                  108
Model:               SARIMAX(2, 1, 0)   Log Likelihood                -923.121
Date:                Sat, 01 May 2021   AIC                           1852.241
Time:                        00:50:14   BIC                           1860.260
Sample:                             0   HQIC                          1855.492
                                - 108                                         
Covariance Type:                  opg                                         
==============================================================================
                 coef    std err          z      P>|z|      [0.025      0.975]
------------------------------------------------------------------------------
ar.L1         -0.6389      0.040    -16.155      0.000      -0.716      -0.561
ar.L2         -0.5809      0.018    -32.891      0.000      -0.616      -0.546
sigma2      1.399e+06   2.18e+05      6.422      0.000    9.72e+05    1.83e+06
===================================================================================
Ljung-Box (L1) (Q):                   0.54   Jarque-Bera (JB):                36.11
Prob(Q):                              0.46   Prob(JB):                         0.00
Heteroskedasticity (H):               0.48   Skew:                             0.94
Prob(H) (two-sided):                  0.03   Kurtosis:                         5.14
===================================================================================

Warnings:
[1] Covariance matrix calculated using the outer product of gradients (complex-step).
-------------------------------------
gold, shape=(108,)
18643.26
19424.21
17345.29
18423.06
19246.31
16342.08
18243.07
19346.29
17264.34
16429.38
20491.29
18460.19
18743.26
19524.21
17445.29
18523.06
19346.31
16442.08
18343.07
19446.29
17364.34
16529.38
20591.29
18560.19
18896.26
19677.21
17598.29
18676.06
19499.31
16595.08
18496.07
19599.29
17517.34
16682.38
20744.29
18713.19
19072.26
19853.21
17774.29
18852.06
19675.31
16771.08
18672.07
19775.29
17693.34
16858.38
20920.29
18889.19
19358.26
20139.21
18060.29
19138.06
19961.31
17057.08
18958.07
20061.29
17979.34
17144.38
21206.29
19175.19
19599.26
20380.21
18301.29
19379.06
20202.31
17298.08
19199.07
20302.29
18220.34
17385.38
21447.29
19416.19
19782.26
20563.21
18484.29
19562.06
20385.31
17481.08
19382.07
20485.29
18403.34
17568.38
21630.29
19599.19
19946.26
20727.21
18648.29
19726.06
20549.31
17645.08
19546.07
20649.29
18567.34
17732.38
21794.29
19763.19
20225.26
21006.21
18927.29
20005.06
20828.31
17924.08
19825.07
20928.29
18846.34
18011.38
22073.29
20042.19

pred in sample, shape=(108,)
0.0
13246.73
11634.0
18219.82
18942.16
18094.26
17719.32
18715.65
17537.15
17953.6
18172.26
18381.22
17398.22
19742.3
18860.83
18319.82
19042.16
18194.26
17819.32
18815.65
17637.15
18053.6
18272.26
18481.22
17498.22
19861.44
18983.04
18472.82
19195.16
18347.26
17972.32
18968.65
17790.15
18206.6
18425.26
18634.22
17651.22
20022.75
19145.68
18648.82
19371.16
18523.26
18148.32
19144.65
17966.15
18382.6
18601.26
18810.22
17827.22
20238.47
19367.78
18934.82
19657.16
18809.26
18434.32
19430.65
18252.15
18668.6
18887.26
19096.22
18113.22
20508.22
19634.92
19175.82
19898.16
19050.26
18675.32
19671.65
18493.15
18909.6
19128.26
19337.22
18354.22
20728.27
19851.62
19358.82
20081.16
19233.26
18858.32
19854.65
18676.15
19092.6
19311.26
19520.22
18537.22
20904.41
20026.65
19522.82
20245.16
19397.26
19022.32
20018.65
18840.15
19256.6
19475.26
19684.22
18701.22
21109.94
20238.85
19801.82
20524.16
19676.26
19301.32
20297.65
19119.15
19535.6
19754.26
19963.22

pred for future(2021-2022), shape=(24,)
18980.22
20838.59
20268.21
19553.07
20341.31
20253.15
19851.57
20159.35
20195.99
19993.79
20101.69
20150.22
20056.53
20088.2
20122.39
20082.15
20087.99
20107.64
20091.69
20090.47
20100.51
20094.81
20092.62
20097.33
