                               SARIMAX Results                                
==============================================================================
Dep. Variable:                      y   No. Observations:                  108
Model:               SARIMAX(4, 1, 1)   Log Likelihood                -871.569
Date:                Sat, 01 May 2021   AIC                           1755.138
Time:                        00:50:42   BIC                           1771.175
Sample:                             0   HQIC                          1761.639
                                - 108                                         
Covariance Type:                  opg                                         
==============================================================================
                 coef    std err          z      P>|z|      [0.025      0.975]
------------------------------------------------------------------------------
ar.L1         -0.1282      0.200     -0.641      0.522      -0.520       0.264
ar.L2         -0.2724      0.192     -1.419      0.156      -0.649       0.104
ar.L3         -0.2564      0.220     -1.166      0.244      -0.687       0.175
ar.L4         -0.2092      0.227     -0.922      0.357      -0.654       0.236
ma.L1         -0.8107      0.199     -4.081      0.000      -1.200      -0.421
sigma2      6.268e+05   8.34e+04      7.518      0.000    4.63e+05     7.9e+05
===================================================================================
Ljung-Box (L1) (Q):                   0.50   Jarque-Bera (JB):                50.14
Prob(Q):                              0.48   Prob(JB):                         0.00
Heteroskedasticity (H):               0.80   Skew:                             1.39
Prob(H) (two-sided):                  0.50   Kurtosis:                         4.88
===================================================================================

Warnings:
[1] Covariance matrix calculated using the outer product of gradients (complex-step).
-------------------------------------
gold, shape=(108,)
6843.19
6843.16
6982.16
7049.83
6982.46
6482.18
6549.37
6948.15
7754.66
9351.26
6018.72
6849.08
6943.19
6943.16
7082.16
7149.83
7082.46
6582.18
6649.37
7048.15
7854.66
9451.26
6118.72
6949.08
7096.19
7096.16
7235.16
7302.83
7235.46
6735.18
6802.37
7201.15
8007.66
9604.26
6271.72
7102.08
7272.19
7272.16
7411.16
7478.83
7411.46
6911.18
6978.37
7377.15
8183.66
9780.26
6447.72
7278.08
7558.19
7558.16
7697.16
7764.83
7697.46
7197.18
7264.37
7663.15
8469.66
10066.26
6733.72
7564.08
7799.19
7799.16
7938.16
8005.83
7938.46
7438.18
7505.37
7904.15
8710.66
10307.26
6974.72
7805.08
7982.19
7982.16
8121.16
8188.83
8121.46
7621.18
7688.37
8087.15
8893.66
10490.26
7157.72
7988.08
8146.19
8146.16
8285.16
8352.83
8285.46
7785.18
7852.37
8251.15
9057.66
10654.26
7321.72
8152.08
8425.19
8425.16
8564.16
8631.83
8564.46
8064.18
8131.37
8530.15
9336.66
10933.26
7600.72
8431.08

pred in sample, shape=(108,)
0.0
5349.09
5784.91
5930.2
5721.58
6144.11
6279.37
6478.3
6658.76
6769.22
6759.25
6313.32
6641.58
6982.39
7433.36
7150.56
7084.21
7038.45
6987.86
7054.42
7126.19
7139.66
7036.95
6565.07
6860.96
7181.07
7609.06
7309.05
7230.57
7186.07
7136.74
7204.2
7276.59
7290.43
7187.91
6716.49
7012.66
7334.41
7760.43
7459.19
7380.8
7341.17
7295.8
7366.47
7441.46
7457.41
7356.59
6886.55
7183.85
7513.24
7929.59
7622.26
7544.14
7527.74
7501.2
7587.13
7674.48
7700.47
7607.78
7144.33
7446.97
7777.94
8202.06
7900.32
7824.59
7800.72
7768.12
7849.14
7932.52
7955.28
7859.98
7394.41
7695.33
8021.36
8449.84
8150.7
8074.35
8037.83
7994.99
8067.71
8144.35
8161.65
8061.92
7592.77
7890.78
8213.29
8641.66
8342.12
8264.55
8223.08
8176.21
8245.67
8319.67
8334.82
8233.36
7762.8
8059.67
8388.29
8805.02
8497.89
8419.6
8401.6
8373.75
8458.63
8545.14
8570.43
8477.18
8013.28

pred for future(2021-2022), shape=(24,)
8315.55
8624.77
9100.74
8811.45
8663.76
8574.76
8601.02
8720.27
8751.55
8726.94
8685.51
8664.55
8678.29
8698.01
8705.78
8700.28
8690.94
8687.52
8690.29
8694.41
8695.96
8694.64
8692.75
8692.09
