                               SARIMAX Results                                
==============================================================================
Dep. Variable:                      y   No. Observations:                  108
Model:               SARIMAX(0, 1, 0)   Log Likelihood                -988.606
Date:                Sat, 01 May 2021   AIC                           1979.211
Time:                        00:50:13   BIC                           1981.884
Sample:                             0   HQIC                          1980.295
                                - 108                                         
Covariance Type:                  opg                                         
==============================================================================
                 coef    std err          z      P>|z|      [0.025      0.975]
------------------------------------------------------------------------------
sigma2      6.146e+06   7.69e+05      7.988      0.000    4.64e+06    7.65e+06
===================================================================================
Ljung-Box (L1) (Q):                   5.72   Jarque-Bera (JB):                14.74
Prob(Q):                              0.02   Prob(JB):                         0.00
Heteroskedasticity (H):               1.00   Skew:                            -0.89
Prob(H) (two-sided):                  0.99   Kurtosis:                         3.35
===================================================================================

Warnings:
[1] Covariance matrix calculated using the outer product of gradients (complex-step).
-------------------------------------
gold, shape=(108,)
30513.49
31329.43
32169.2
29264.38
30168.16
31264.23
35349.23
32541.29
33164.26
27394.16
28164.31
29483.16
30613.49
31429.43
32269.2
29364.38
30268.16
31364.23
35449.23
32641.29
33264.26
27494.16
28264.31
29583.16
30766.49
31582.43
32422.2
29517.38
30421.16
31517.23
35602.23
32794.29
33417.26
27647.16
28417.31
29736.16
30942.49
31758.43
32598.2
29693.38
30597.16
31693.23
35778.23
32970.29
33593.26
27823.16
28593.31
29912.16
31228.49
32044.43
32884.2
29979.38
30883.16
31979.23
36064.23
33256.29
33879.26
28109.16
28879.31
30198.16
31469.49
32285.43
33125.2
30220.38
31124.16
32220.23
36305.23
33497.29
34120.26
28350.16
29120.31
30439.16
31652.49
32468.43
33308.2
30403.38
31307.16
32403.23
36488.23
33680.29
34303.26
28533.16
29303.31
30622.16
31816.49
32632.43
33472.2
30567.38
31471.16
32567.23
36652.23
33844.29
34467.26
28697.16
29467.31
30786.16
32095.49
32911.43
33751.2
30846.38
31750.16
32846.23
36931.23
34123.29
34746.26
28976.16
29746.31
31065.16

pred in sample, shape=(108,)
0.0
30513.49
31329.43
32169.2
29264.38
30168.16
31264.23
35349.23
32541.29
33164.26
27394.16
28164.31
29483.16
30613.49
31429.43
32269.2
29364.38
30268.16
31364.23
35449.23
32641.29
33264.26
27494.16
28264.31
29583.16
30766.49
31582.43
32422.2
29517.38
30421.16
31517.23
35602.23
32794.29
33417.26
27647.16
28417.31
29736.16
30942.49
31758.43
32598.2
29693.38
30597.16
31693.23
35778.23
32970.29
33593.26
27823.16
28593.31
29912.16
31228.49
32044.43
32884.2
29979.38
30883.16
31979.23
36064.23
33256.29
33879.26
28109.16
28879.31
30198.16
31469.49
32285.43
33125.2
30220.38
31124.16
32220.23
36305.23
33497.29
34120.26
28350.16
29120.31
30439.16
31652.49
32468.43
33308.2
30403.38
31307.16
32403.23
36488.23
33680.29
34303.26
28533.16
29303.31
30622.16
31816.49
32632.43
33472.2
30567.38
31471.16
32567.23
36652.23
33844.29
34467.26
28697.16
29467.31
30786.16
32095.49
32911.43
33751.2
30846.38
31750.16
32846.23
36931.23
34123.29
34746.26
28976.16
29746.31

pred for future(2021-2022), shape=(24,)
31065.16
31065.16
31065.16
31065.16
31065.16
31065.16
31065.16
31065.16
31065.16
31065.16
31065.16
31065.16
31065.16
31065.16
31065.16
31065.16
31065.16
31065.16
31065.16
31065.16
31065.16
31065.16
31065.16
31065.16
